80,5
79,1
79,4
78,1
78,5
77,4
76,6
75,4
74,4
73,6
72,4
71,7
70,4
68,4
67,4
69,4
66,5
65,4
64,4
63,4
61,4
60,4
59,4
58,4
57,1
57,4
56,1
56,4
55,1
55,4
54,1
54,4
53,1
53,4
51,1
51,4
50,1
50,5
52,1
52,12
49,1
49,3
48,1
48,3
47,1
47,3
45,1
45,3
46,1
46,4
44,1
44,5
43,1
43,4
42,1
42,4
41,1
41,4
40,1
40,3
39,1
39,4
38,1
38,4
37,1
37,4
35,1
35,5
34,95
34,78
34,91
34,69
34,58
34,52
34,40
34,36
34,28
34,22
34,48
34,13
34,66
34,88
34,1
34,12
34,4
33,1
33,5
32,1
32,4
36,15
36,1
36,14
36,4
31,1
31,4
30,1
30,3
29,1
29,3
28,1
28,7
27,1
27,5
26,1
26,5
25,151
25,155
25,128
25,142
25,145
25,160
25,55
25,37
25,132
25,153
25,1
25,36
25,4
24,1
24,4
0,246
0,434
101,4
101,3
0,245
0,433
102,1
102,3
62,15
62,14
62,13
62,12
62,11
62,10
62,9
62,8
62,7
62,6
62,5
62,4
62,2
62,3
98,3
97,3
0,367
95,3
101,6
94,3
93,3
92,2
92,1
0,218
91,3
0,216
0,215
90,3
0,213
0,349
89,1
89,3
0,209
0,237
0,234
0,344
0,211
0,205
87,4
87,2
87,1
0,204
0,338
0,200
87,3
0,198
0,197
0,195
0,194
0,329
0,328
0,58
0,319
0,54
0,52
0,47
0,340
86,3
85,4
85,1
85,3
0,335
101,5
101,0
83,4
83,2
83,3
82,3
0,428
3,4
3,2
3,1
0,1
0,427
80,6
80,14
80,13
80,12
80,10
80,9
80,1
80,7
79,0
0,316
0,315
77,2
77,1
77,3
76,10
76,9
76,8
76,7
76,5
76,4
76,0
76,1
76,3
75,7
75,6
75,5
75,0
75,1
75,3
74,0
74,1
74,3
73,7
73,5
73,4
73,0
73,1
73,3
72,6
72,5
72,0
72,1
72,3
71,10
71,9
71,8
71,6
71,5
