395,1
395,3
395,0
394,4
394,1
394,3
394,0
393,4
393,1
393,3
393,0
392,5
392,4
391,5
391,4
390,7
390,6
390,5
390,4
2,7
389,5
389,4
388,5
388,4
387,5
387,4
387,1
387,3
387,0
386,1
386,3
386,0
385,1
385,3
385,0
384,7
384,6
384,5
384,4
384,1
384,3
384,0
383,5
383,4
383,1
383,3
383,0
382,6
382,5
382,4
382,1
382,3
382,0
381,8
381,7
381,6
381,5
381,4
381,13
381,12
381,11
381,10
381,1
381,9
381,3
381,0
380,4
2,4
410,3
410,0
409,1
409,3
409,0
411,1
411,3
411,0
391,1
391,3
391,0
390,1
390,3
390,0
389,1
389,3
389,0
388,1
388,3
388,0
392,1
392,3
392,0
380,1
380,3
0,414
380,0
2,6
2,9
4,1
4,3
4,0
407,1
407,3
407,0
1,1
1,3
1,0
412,5
412,1
412,3
0,433
412,0
2,1
2,8
2,3
2,0
0,9
0,310
0,305
0,308
0,304
0,303
0,302
0,307
0,12
0,411
0,10
0,8
0,0
0,384
0,300
0,424
0,299
0,298
0,422
0,297
0,296
0,421
0,295
0,340
0,294
0,318
0,293
0,418
0,292
0,420
0,291
0,320
0,290
0,416
0,289
0,373
0,288
0,410
0,287
0,447
0,286
0,358
0,285
0,412
0,284
0,402
0,283
0,354
0,282
0,432
0,281
0,280
0,331
0,279
0,353
0,278
0,401
0,277
399,0
399,3
408,0
408,3
417,0
417,3
418,0
418,1
419,0
419,1
420,0
420,1
406,3
406,1
413,3
413,1
396,0
396,3
405,0
405,1
397,0
397,1
397,4
398,3
398,4
399,4
400,0
400,3
401,0
401,3
401,4
402,3
402,1
403,3
403,1
404,3
404,4
404,5
406,4
407,4
408,4
408,5
409,4
409,6
410,7
410,8
410,9
410,11
410,13
410,14
410,16
410,17
410,19
410,21
410,22
410,24
410,25
410,5
410,6
411,5
411,7
411,8
411,10
411,11
411,13
412,4
413,4
414,3
414,1
415,0
415,3
415,4
416,3
416,1
417,4
418,4
418,6
